;; Object src/
;; SEMANTICDB Tags save file
(semanticdb-project-database-file "src/"
  :tables (list 
   (semanticdb-table "gabor_bank.h"
    :major-mode 'c-mode
    :tags '(("__gabor_bank_h__" variable (:constant-flag t) nil [34 52]) ("_str_gabor" variable (:typemodifiers ("static") :constant-flag t :default-value "\" \\
32  \\
 \\
8 8  \\
  \\
+0.01160388 +0.01160388 +0.01160388 +0.01160388 +0.12315641 +0.01160388 +0.01160388 +0.01160388  \\
+0.01160388 +0.01160388 +0.01160388 +0.01160388 +0.01160388 +0.01160388 +0.01160388 +0.01160388  \\
+0.01160388 -0.18104753 -0.18532744 -0.18794089 -0.18881973 -0.18794089 -0.18532744 -0.18104753  \\
+0.01160388 +0.01160388 +0.01160388 +0.01160388 +0.01160388 +0.01160388 +0.01160388 +0.01160388  \\
+0.23871357 +0.24580842 +0.25101147 +0.25418862 +0.25525701 +0.25418862 +0.25101147 +0.24580842  \\
+0.01160388 +0.01160388 +0.01160388 +0.01160388 +0.01160388 +0.01160388 +0.01160388 +0.01160388  \\
+0.01160388 -0.18104753 -0.18532744 -0.18794089 -0.18881973 -0.18794089 -0.18532744 -0.18104753  \\
+0.01160388 +0.01160388 +0.01160388 +0.01160388 +0.01160388 +0.01160388 +0.01160388 +0.01160388  \\
8 8  \\
  \\
+0.00576798 +0.00576798 +0.00576798 +0.00576798 -0.03823814 +0.00576798 +0.00576798 +0.00576798  \\
+0.00576798 +0.00576798 +0.10798497 -0.03941389 -0.18974722 -0.12841793 +0.10953713 +0.00576798  \\
+0.00576798 +0.10798497 -0.03981274 -0.19321440 -0.13200310 +0.11325015 +0.25003287 +0.10953713  \\
+0.00576798 -0.03941389 -0.19321440 -0.13321931 +0.11515619 +0.25655910 +0.11325015 -0.12841793  \\
-0.03823814 -0.18974722 -0.13200310 +0.11515619 +0.25877304 +0.11515619 -0.13200310 -0.18974722  \\
+0.00576798 -0.12841793 +0.11325015 +0.25655910 +0.11515619 -0.13321931 -0.19321440 -0.03941389  \\
+0.00576798 +0.10953713 +0.25003287 +0.11325015 -0.13200310 -0.19321440 -0.03981274 +0.10798497  \\
+0.00576798 +0.00576798 +0.10953713 -0.12841793 -0.18974722 -0.03941389 +0.10798497 +0.00576798  \\
8 8  \\
  \\
+0.01160388 +0.01160388 +0.01160388 +0.01160388 +0.23871357 +0.01160388 +0.01160388 +0.01160388  \\
+0.01160388 +0.01160388 -0.18104753 +0.01160388 +0.24580842 +0.01160388 -0.18104753 +0.01160388  \\
+0.01160388 +0.01160388 -0.18532744 +0.01160388 +0.25101147 +0.01160388 -0.18532744 +0.01160388  \\
+0.01160388 +0.01160388 -0.18794089 +0.01160388 +0.25418862 +0.01160388 -0.18794089 +0.01160388  \\
+0.12315641 +0.01160388 -0.18881973 +0.01160388 +0.25525701 +0.01160388 -0.18881973 +0.01160388  \\
+0.01160388 +0.01160388 -0.18794089 +0.01160388 +0.25418862 +0.01160388 -0.18794089 +0.01160388  \\
+0.01160388 +0.01160388 -0.18532744 +0.01160388 +0.25101147 +0.01160388 -0.18532744 +0.01160388  \\
+0.01160388 +0.01160388 -0.18104753 +0.01160388 +0.24580842 +0.01160388 -0.18104753 +0.01160388  \\
8 8  \\
  \\
+0.00576798 +0.00576798 +0.00576798 +0.00576798 -0.03823814 +0.00576798 +0.00576798 +0.00576798  \\
+0.00576798 +0.00576798 +0.10953713 -0.12841793 -0.18974722 -0.03941389 +0.10798497 +0.00576798  \\
+0.00576798 +0.10953713 +0.25003287 +0.11325015 -0.13200310 -0.19321440 -0.03981274 +0.10798497  \\
+0.00576798 -0.12841793 +0.11325015 +0.25655910 +0.11515619 -0.13321931 -0.19321440 -0.03941389  \\
-0.03823814 -0.18974722 -0.13200310 +0.11515619 +0.25877304 +0.11515619 -0.13200310 -0.18974722  \\
+0.00576798 -0.03941389 -0.19321440 -0.13321931 +0.11515619 +0.25655910 +0.11325015 -0.12841793  \\
+0.00576798 +0.10798497 -0.03981274 -0.19321440 -0.13200310 +0.11325015 +0.25003287 +0.10953713  \\
+0.00576798 +0.00576798 +0.10798497 -0.03941389 -0.18974722 -0.12841793 +0.10953713 +0.00576798  \\
12 12  \\
  \\
+0.00845539 +0.00845539 +0.00845539 +0.00845539 +0.00845539 +0.00845539 +0.08325778 +0.00845539 +0.00845539 +0.00845539 +0.00845539 +0.00845539  \\
+0.00845539 +0.00845539 +0.00845539 +0.04962861 +0.05002258 +0.05026077 +0.05034046 +0.05026077 +0.05002258 +0.04962861 +0.00845539 +0.00845539  \\
+0.00845539 +0.00845539 -0.05207082 -0.05288317 -0.05347009 -0.05382493 -0.05394366 -0.05382493 -0.05347009 -0.05288317 -0.05207082 +0.00845539  \\
+0.00845539 -0.11813183 -0.12032042 -0.12204878 -0.12329751 -0.12405247 -0.12430509 -0.12405247 -0.12329751 -0.12204878 -0.12032042 -0.11813183  \\
+0.00845539 -0.05874023 -0.05990198 -0.06081944 -0.06148230 -0.06188305 -0.06201714 -0.06188305 -0.06148230 -0.06081944 -0.05990198 -0.05874023  \\
+0.00845539 +0.08517739 +0.08650385 +0.08755138 +0.08830821 +0.08876578 +0.08891888 +0.08876578 +0.08830821 +0.08755138 +0.08650385 +0.08517739  \\
+0.15854198 +0.16171956 +0.16436937 +0.16646197 +0.16797386 +0.16888792 +0.16919377 +0.16888792 +0.16797386 +0.16646197 +0.16436937 +0.16171956  \\
+0.00845539 +0.08517739 +0.08650385 +0.08755138 +0.08830821 +0.08876578 +0.08891888 +0.08876578 +0.08830821 +0.08755138 +0.08650385 +0.08517739  \\
+0.00845539 -0.05874023 -0.05990198 -0.06081944 -0.06148230 -0.06188305 -0.06201714 -0.06188305 -0.06148230 -0.06081944 -0.05990198 -0.05874023  \\
+0.00845539 -0.11813183 -0.12032042 -0.12204878 -0.12329751 -0.12405247 -0.12430509 -0.12405247 -0.12329751 -0.12204878 -0.12032042 -0.11813183  \\
+0.00845539 +0.00845539 -0.05207082 -0.05288317 -0.05347009 -0.05382493 -0.05394366 -0.05382493 -0.05347009 -0.05288317 -0.05207082 +0.00845539  \\
+0.00845539 +0.00845539 +0.00845539 +0.04962861 +0.05002258 +0.05026077 +0.05034046 +0.05026077 +0.05002258 +0.04962861 +0.00845539 +0.00845539  \\
12 12  \\
  \\
+0.00385418 +0.00385418 +0.00385418 +0.00385418 +0.00385418 +0.00385418 -0.03031290 +0.00385418 +0.00385418 +0.00385418 +0.00385418 +0.00385418  \\
+0.00385418 +0.00385418 +0.00385418 +0.07828927 +0.04165342 -0.03096989 -0.10188151 -0.12525941 -0.07817859 +0.01965870 +0.00385418 +0.00385418  \\
+0.00385418 +0.00385418 +0.07857335 +0.04194249 -0.03137012 -0.10350492 -0.12774208 -0.08007505 +0.02008578 +0.11777000 +0.15632763 +0.00385418  \\
+0.00385418 +0.07828927 +0.04194249 -0.03150456 -0.10432595 -0.12925453 -0.08136366 +0.02039790 +0.12040355 +0.16044794 +0.11777000 +0.01965870  \\
+0.00385418 +0.04165342 -0.03137012 -0.10432595 -0.12976254 -0.08201536 +0.02058803 +0.12219299 +0.16345901 +0.12040355 +0.02008578 -0.07817859  \\
+0.00385418 -0.03096989 -0.10350492 -0.12925453 -0.08201536 +0.02065190 +0.12309798 +0.16529337 +0.12219299 +0.02039790 -0.08007505 -0.12525941  \\
-0.03031290 -0.10188151 -0.12774208 -0.08136366 +0.02058803 +0.12309798 +0.16590950 +0.12309798 +0.02058803 -0.08136366 -0.12774208 -0.10188151  \\
+0.00385418 -0.12525941 -0.08007505 +0.02039790 +0.12219299 +0.16529337 +0.12309798 +0.02065190 -0.08201536 -0.12925453 -0.10350492 -0.03096989  \\
+0.00385418 -0.07817859 +0.02008578 +0.12040355 +0.16345901 +0.12219299 +0.02058803 -0.08201536 -0.12976254 -0.10432595 -0.03137012 +0.04165342  \\
+0.00385418 +0.01965870 +0.11777000 +0.16044794 +0.12040355 +0.02039790 -0.08136366 -0.12925453 -0.10432595 -0.03150456 +0.04194249 +0.07828927  \\
+0.00385418 +0.00385418 +0.15632763 +0.11777000 +0.02008578 -0.08007505 -0.12774208 -0.10350492 -0.03137012 +0.04194249 +0.07857335 +0.00385418  \\
+0.00385418 +0.00385418 +0.00385418 +0.01965870 -0.07817859 -0.12525941 -0.10188151 -0.03096989 +0.04165342 +0.07828927 +0.00385418 +0.00385418  \\
12 12  \\
  \\
+0.00845539 +0.00845539 +0.00845539 +0.00845539 +0.00845539 +0.00845539 +0.15854198 +0.00845539 +0.00845539 +0.00845539 +0.00845539 +0.00845539  \\
+0.00845539 +0.00845539 +0.00845539 -0.11813183 -0.05874023 +0.08517739 +0.16171956 +0.08517739 -0.05874023 -0.11813183 +0.00845539 +0.00845539  \\
+0.00845539 +0.00845539 -0.05207082 -0.12032042 -0.05990198 +0.08650385 +0.16436937 +0.08650385 -0.05990198 -0.12032042 -0.05207082 +0.00845539  \\
+0.00845539 +0.04962861 -0.05288317 -0.12204878 -0.06081944 +0.08755138 +0.16646197 +0.08755138 -0.06081944 -0.12204878 -0.05288317 +0.04962861  \\
+0.00845539 +0.05002258 -0.05347009 -0.12329751 -0.06148230 +0.08830821 +0.16797386 +0.08830821 -0.06148230 -0.12329751 -0.05347009 +0.05002258  \\
+0.00845539 +0.05026077 -0.05382493 -0.12405247 -0.06188305 +0.08876578 +0.16888792 +0.08876578 -0.06188305 -0.12405247 -0.05382493 +0.05026077  \\
+0.08325778 +0.05034046 -0.05394366 -0.12430509 -0.06201714 +0.08891888 +0.16919377 +0.08891888 -0.06201714 -0.12430509 -0.05394366 +0.05034046  \\
+0.00845539 +0.05026077 -0.05382493 -0.12405247 -0.06188305 +0.08876578 +0.16888792 +0.08876578 -0.06188305 -0.12405247 -0.05382493 +0.05026077  \\
+0.00845539 +0.05002258 -0.05347009 -0.12329751 -0.06148230 +0.08830821 +0.16797386 +0.08830821 -0.06148230 -0.12329751 -0.05347009 +0.05002258  \\
+0.00845539 +0.04962861 -0.05288317 -0.12204878 -0.06081944 +0.08755138 +0.16646197 +0.08755138 -0.06081944 -0.12204878 -0.05288317 +0.04962861  \\
+0.00845539 +0.00845539 -0.05207082 -0.12032042 -0.05990198 +0.08650385 +0.16436937 +0.08650385 -0.05990198 -0.12032042 -0.05207082 +0.00845539  \\
+0.00845539 +0.00845539 +0.00845539 -0.11813183 -0.05874023 +0.08517739 +0.16171956 +0.08517739 -0.05874023 -0.11813183 +0.00845539 +0.00845539  \\
12 12  \\
  \\
+0.00385418 +0.00385418 +0.00385418 +0.00385418 +0.00385418 +0.00385418 -0.03031290 +0.00385418 +0.00385418 +0.00385418 +0.00385418 +0.00385418  \\
+0.00385418 +0.00385418 +0.00385418 +0.01965870 -0.07817859 -0.12525941 -0.10188151 -0.03096989 +0.04165342 +0.07828927 +0.00385418 +0.00385418  \\
+0.00385418 +0.00385418 +0.15632763 +0.11777000 +0.02008578 -0.08007505 -0.12774208 -0.10350492 -0.03137012 +0.04194249 +0.07857335 +0.00385418  \\
+0.00385418 +0.01965870 +0.11777000 +0.16044794 +0.12040355 +0.02039790 -0.08136366 -0.12925453 -0.10432595 -0.03150456 +0.04194249 +0.07828927  \\
+0.00385418 -0.07817859 +0.02008578 +0.12040355 +0.16345901 +0.12219299 +0.02058803 -0.08201536 -0.12976254 -0.10432595 -0.03137012 +0.04165342  \\
+0.00385418 -0.12525941 -0.08007505 +0.02039790 +0.12219299 +0.16529337 +0.12309798 +0.02065190 -0.08201536 -0.12925453 -0.10350492 -0.03096989  \\
-0.03031290 -0.10188151 -0.12774208 -0.08136366 +0.02058803 +0.12309798 +0.16590950 +0.12309798 +0.02058803 -0.08136366 -0.12774208 -0.10188151  \\
+0.00385418 -0.03096989 -0.10350492 -0.12925453 -0.08201536 +0.02065190 +0.12309798 +0.16529337 +0.12219299 +0.02039790 -0.08007505 -0.12525941  \\
+0.00385418 +0.04165342 -0.03137012 -0.10432595 -0.12976254 -0.08201536 +0.02058803 +0.12219299 +0.16345901 +0.12040355 +0.02008578 -0.07817859  \\
+0.00385418 +0.07828927 +0.04194249 -0.03150456 -0.10432595 -0.12925453 -0.08136366 +0.02039790 +0.12040355 +0.16044794 +0.11777000 +0.01965870  \\
+0.00385418 +0.00385418 +0.07857335 +0.04194249 -0.03137012 -0.10350492 -0.12774208 -0.08007505 +0.02008578 +0.11777000 +0.15632763 +0.00385418  \\
+0.00385418 +0.00385418 +0.00385418 +0.07828927 +0.04165342 -0.03096989 -0.10188151 -0.12525941 -0.07817859 +0.01965870 +0.00385418 +0.00385418  \\
16 16  \\
  \\
+0.00588545 +0.00588545 +0.00588545 +0.00588545 +0.00588545 +0.00588545 +0.00588545 +0.00588545 +0.06309628 +0.00588545 +0.00588545 +0.00588545 +0.00588545 +0.00588545 +0.00588545 +0.00588545  \\
+0.00588545 +0.00588545 +0.00588545 +0.00588545 +0.00588545 +0.04710365 +0.04731945 +0.04744947 +0.04749291 +0.04744947 +0.04731945 +0.04710365 +0.00588545 +0.00588545 +0.00588545 +0.00588545  \\
+0.00588545 +0.00588545 +0.00588545 -0.00329378 -0.00338047 -0.00344845 -0.00349732 -0.00352677 -0.00353660 -0.00352677 -0.00349732 -0.00344845 -0.00338047 -0.00329378 +0.00588545 +0.00588545  \\
+0.00588545 +0.00588545 -0.06191973 -0.06270318 -0.06335092 -0.06385894 -0.06422410 -0.06444411 -0.06451760 -0.06444411 -0.06422410 -0.06385894 -0.06335092 -0.06270318 -0.06191973 +0.00588545  \\
+0.00588545 +0.00588545 -0.09118652 -0.09230814 -0.09323546 -0.09396276 -0.09448552 -0.09480050 -0.09490571 -0.09480050 -0.09448552 -0.09396276 -0.09323546 -0.09230814 -0.09118652 +0.00588545  \\
+0.00588545 -0.06332142 -0.06426745 -0.06507804 -0.06574820 -0.06627381 -0.06665161 -0.06687924 -0.06695527 -0.06687924 -0.06665161 -0.06627381 -0.06574820 -0.06507804 -0.06426745 -0.06332142  \\
+0.00588545 +0.01022019 +0.01027944 +0.01033021 +0.01037219 +0.01040511 +0.01042877 +0.01044303 +0.01044779 +0.01044303 +0.01042877 +0.01040511 +0.01037219 +0.01033021 +0.01027944 +0.01022019  \\
+0.00588545 +0.08829559 +0.08942211 +0.09038733 +0.09118535 +0.09181124 +0.09226111 +0.09253217 +0.09262271 +0.09253217 +0.09226111 +0.09181124 +0.09118535 +0.09038733 +0.08942211 +0.08829559  \\
+0.11974506 +0.12154281 +0.12312380 +0.12447843 +0.12559840 +0.12647680 +0.12710817 +0.12748857 +0.12761564 +0.12748857 +0.12710817 +0.12647680 +0.12559840 +0.12447843 +0.12312380 +0.12154281  \\
+0.00588545 +0.08829559 +0.08942211 +0.09038733 +0.09118535 +0.09181124 +0.09226111 +0.09253217 +0.09262271 +0.09253217 +0.09226111 +0.09181124 +0.09118535 +0.09038733 +0.08942211 +0.08829559  \\
+0.00588545 +0.01022019 +0.01027944 +0.01033021 +0.01037219 +0.01040511 +0.01042877 +0.01044303 +0.01044779 +0.01044303 +0.01042877 +0.01040511 +0.01037219 +0.01033021 +0.01027944 +0.01022019  \\
+0.00588545 -0.06332142 -0.06426745 -0.06507804 -0.06574820 -0.06627381 -0.06665161 -0.06687924 -0.06695527 -0.06687924 -0.06665161 -0.06627381 -0.06574820 -0.06507804 -0.06426745 -0.06332142  \\
+0.00588545 +0.00588545 -0.09118652 -0.09230814 -0.09323546 -0.09396276 -0.09448552 -0.09480050 -0.09490571 -0.09480050 -0.09448552 -0.09396276 -0.09323546 -0.09230814 -0.09118652 +0.00588545  \\
+0.00588545 +0.00588545 -0.06191973 -0.06270318 -0.06335092 -0.06385894 -0.06422410 -0.06444411 -0.06451760 -0.06444411 -0.06422410 -0.06385894 -0.06335092 -0.06270318 -0.06191973 +0.00588545  \\
+0.00588545 +0.00588545 +0.00588545 -0.00329378 -0.00338047 -0.00344845 -0.00349732 -0.00352677 -0.00353660 -0.00352677 -0.00349732 -0.00344845 -0.00338047 -0.00329378 +0.00588545 +0.00588545  \\
+0.00588545 +0.00588545 +0.00588545 +0.00588545 +0.00588545 +0.04710365 +0.04731945 +0.04744947 +0.04749291 +0.04744947 +0.04731945 +0.04710365 +0.00588545 +0.00588545 +0.00588545 +0.00588545  \\
16 16  \\
  \\
+0.00377661 +0.00377661 +0.00377661 +0.00377661 +0.00377661 +0.00377661 +0.00377661 +0.00377661 -0.02602628 +0.00377661 +0.00377661 +0.00377661 +0.00377661 +0.00377661 +0.00377661 +0.00377661  \\
+0.00377661 +0.00377661 +0.00377661 +0.00377661 +0.00377661 +0.04690615 +0.01566252 -0.02646524 -0.06651808 -0.09006637 -0.08668663 -0.05453970 +0.00377661 +0.00377661 +0.00377661 +0.00377661  \\
+0.00377661 +0.00377661 +0.00377661 +0.06018823 +0.04717727 +0.01576225 -0.02678274 -0.06740460 -0.09144857 -0.08821099 -0.05564636 -0.00208892 +0.05605127 +0.09996610 +0.00377661 +0.00377661  \\
+0.00377661 +0.00377661 +0.06018823 +0.04726801 +0.01581242 -0.02697483 -0.06800182 -0.09244830 -0.08937109 -0.05652159 -0.00218776 +0.05704328 +0.10199641 +0.11792115 +0.09996610 +0.00377661  \\
+0.00377661 +0.00377661 +0.04717727 +0.01581242 -0.02703913 -0.06830231 -0.09305317 -0.09015261 -0.05715464 -0.00226298 +0.05782783 +0.10365148 +0.12008725 +0.10199641 +0.05605127 +0.00377661  \\
+0.00377661 +0.04690615 +0.01576225 -0.02697483 -0.06830231 -0.09325564 -0.09054583 -0.05753765 -0.00231365 +0.05839530 +0.10491105 +0.12180037 +0.10365148 +0.05704328 -0.00208892 -0.05453970  \\
+0.00377661 +0.01566252 -0.02678274 -0.06800182 -0.09305317 -0.09054583 -0.05766586 -0.00233915 +0.05873863 +0.10575958 +0.12303945 +0.10491105 +0.05782783 -0.00218776 -0.05564636 -0.08668663  \\
+0.00377661 -0.02646524 -0.06740460 -0.09244830 -0.09015261 -0.05753765 -0.00233915 +0.05885355 +0.10618651 +0.12378914 +0.10575958 +0.05839530 -0.00226298 -0.05652159 -0.08821099 -0.09006637  \\
-0.02602628 -0.06651808 -0.09144857 -0.08937109 -0.05715464 -0.00231365 +0.05873863 +0.10618651 +0.12404008 +0.10618651 +0.05873863 -0.00231365 -0.05715464 -0.08937109 -0.09144857 -0.06651808  \\
+0.00377661 -0.09006637 -0.08821099 -0.05652159 -0.00226298 +0.05839530 +0.10575958 +0.12378914 +0.10618651 +0.05885355 -0.00233915 -0.05753765 -0.09015261 -0.09244830 -0.06740460 -0.02646524  \\
+0.00377661 -0.08668663 -0.05564636 -0.00218776 +0.05782783 +0.10491105 +0.12303945 +0.10575958 +0.05873863 -0.00233915 -0.05766586 -0.09054583 -0.09305317 -0.06800182 -0.02678274 +0.01566252  \\
+0.00377661 -0.05453970 -0.00208892 +0.05704328 +0.10365148 +0.12180037 +0.10491105 +0.05839530 -0.00231365 -0.05753765 -0.09054583 -0.09325564 -0.06830231 -0.02697483 +0.01576225 +0.04690615  \\
+0.00377661 +0.00377661 +0.05605127 +0.10199641 +0.12008725 +0.10365148 +0.05782783 -0.00226298 -0.05715464 -0.09015261 -0.09305317 -0.06830231 -0.02703913 +0.01581242 +0.04717727 +0.00377661  \\
+0.00377661 +0.00377661 +0.09996610 +0.11792115 +0.10199641 +0.05704328 -0.00218776 -0.05652159 -0.08937109 -0.09244830 -0.06800182 -0.02697483 +0.01581242 +0.04726801 +0.06018823 +0.00377661  \\
+0.00377661 +0.00377661 +0.00377661 +0.09996610 +0.05605127 -0.00208892 -0.05564636 -0.08821099 -0.09144857 -0.06740460 -0.02678274 +0.01576225 +0.04717727 +0.06018823 +0.00377661 +0.00377661  \\
+0.00377661 +0.00377661 +0.00377661 +0.00377661 +0.00377661 -0.05453970 -0.08668663 -0.09006637 -0.06651808 -0.02646524 +0.01566252 +0.04690615 +0.00377661 +0.00377661 +0.00377661 +0.00377661  \\
16 16  \\
  \\
+0.00588545 +0.00588545 +0.00588545 +0.00588545 +0.00588545 +0.00588545 +0.00588545 +0.00588545 +0.11974506 +0.00588545 +0.00588545 +0.00588545 +0.00588545 +0.00588545 +0.00588545 +0.00588545  \\
+0.00588545 +0.00588545 +0.00588545 +0.00588545 +0.00588545 -0.06332142 +0.01022019 +0.08829559 +0.12154281 +0.08829559 +0.01022019 -0.06332142 +0.00588545 +0.00588545 +0.00588545 +0.00588545  \\
+0.00588545 +0.00588545 +0.00588545 -0.06191973 -0.09118652 -0.06426745 +0.01027944 +0.08942211 +0.12312380 +0.08942211 +0.01027944 -0.06426745 -0.09118652 -0.06191973 +0.00588545 +0.00588545  \\
+0.00588545 +0.00588545 -0.00329378 -0.06270318 -0.09230814 -0.06507804 +0.01033021 +0.09038733 +0.12447843 +0.09038733 +0.01033021 -0.06507804 -0.09230814 -0.06270318 -0.00329378 +0.00588545  \\
+0.00588545 +0.00588545 -0.00338047 -0.06335092 -0.09323546 -0.06574820 +0.01037219 +0.09118535 +0.12559840 +0.09118535 +0.01037219 -0.06574820 -0.09323546 -0.06335092 -0.00338047 +0.00588545  \\
+0.00588545 +0.04710365 -0.00344845 -0.06385894 -0.09396276 -0.06627381 +0.01040511 +0.09181124 +0.12647680 +0.09181124 +0.01040511 -0.06627381 -0.09396276 -0.06385894 -0.00344845 +0.04710365  \\
+0.00588545 +0.04731945 -0.00349732 -0.06422410 -0.09448552 -0.06665161 +0.01042877 +0.09226111 +0.12710817 +0.09226111 +0.01042877 -0.06665161 -0.09448552 -0.06422410 -0.00349732 +0.04731945  \\
+0.00588545 +0.04744947 -0.00352677 -0.06444411 -0.09480050 -0.06687924 +0.01044303 +0.09253217 +0.12748857 +0.09253217 +0.01044303 -0.06687924 -0.09480050 -0.06444411 -0.00352677 +0.04744947  \\
+0.06309628 +0.04749291 -0.00353660 -0.06451760 -0.09490571 -0.06695527 +0.01044779 +0.09262271 +0.12761564 +0.09262271 +0.01044779 -0.06695527 -0.09490571 -0.06451760 -0.00353660 +0.04749291  \\
+0.00588545 +0.04744947 -0.00352677 -0.06444411 -0.09480050 -0.06687924 +0.01044303 +0.09253217 +0.12748857 +0.09253217 +0.01044303 -0.06687924 -0.09480050 -0.06444411 -0.00352677 +0.04744947  \\
+0.00588545 +0.04731945 -0.00349732 -0.06422410 -0.09448552 -0.06665161 +0.01042877 +0.09226111 +0.12710817 +0.09226111 +0.01042877 -0.06665161 -0.09448552 -0.06422410 -0.00349732 +0.04731945  \\
+0.00588545 +0.04710365 -0.00344845 -0.06385894 -0.09396276 -0.06627381 +0.01040511 +0.09181124 +0.12647680 +0.09181124 +0.01040511 -0.06627381 -0.09396276 -0.06385894 -0.00344845 +0.04710365  \\
+0.00588545 +0.00588545 -0.00338047 -0.06335092 -0.09323546 -0.06574820 +0.01037219 +0.09118535 +0.12559840 +0.09118535 +0.01037219 -0.06574820 -0.09323546 -0.06335092 -0.00338047 +0.00588545  \\
+0.00588545 +0.00588545 -0.00329378 -0.06270318 -0.09230814 -0.06507804 +0.01033021 +0.09038733 +0.12447843 +0.09038733 +0.01033021 -0.06507804 -0.09230814 -0.06270318 -0.00329378 +0.00588545  \\
+0.00588545 +0.00588545 +0.00588545 -0.06191973 -0.09118652 -0.06426745 +0.01027944 +0.08942211 +0.12312380 +0.08942211 +0.01027944 -0.06426745 -0.09118652 -0.06191973 +0.00588545 +0.00588545  \\
+0.00588545 +0.00588545 +0.00588545 +0.00588545 +0.00588545 -0.06332142 +0.01022019 +0.08829559 +0.12154281 +0.08829559 +0.01022019 -0.06332142 +0.00588545 +0.00588545 +0.00588545 +0.00588545  \\
16 16  \\
  \\
+0.00377661 +0.00377661 +0.00377661 +0.00377661 +0.00377661 +0.00377661 +0.00377661 +0.00377661 -0.02602628 +0.00377661 +0.00377661 +0.00377661 +0.00377661 +0.00377661 +0.00377661 +0.00377661  \\
+0.00377661 +0.00377661 +0.00377661 +0.00377661 +0.00377661 -0.05453970 -0.08668663 -0.09006637 -0.06651808 -0.02646524 +0.01566252 +0.04690615 +0.00377661 +0.00377661 +0.00377661 +0.00377661  \\
+0.00377661 +0.00377661 +0.00377661 +0.09996610 +0.05605127 -0.00208892 -0.05564636 -0.08821099 -0.09144857 -0.06740460 -0.02678274 +0.01576225 +0.04717727 +0.06018823 +0.00377661 +0.00377661  \\
+0.00377661 +0.00377661 +0.09996610 +0.11792115 +0.10199641 +0.05704328 -0.00218776 -0.05652159 -0.08937109 -0.09244830 -0.06800182 -0.02697483 +0.01581242 +0.04726801 +0.06018823 +0.00377661  \\
+0.00377661 +0.00377661 +0.05605127 +0.10199641 +0.12008725 +0.10365148 +0.05782783 -0.00226298 -0.05715464 -0.09015261 -0.09305317 -0.06830231 -0.02703913 +0.01581242 +0.04717727 +0.00377661  \\
+0.00377661 -0.05453970 -0.00208892 +0.05704328 +0.10365148 +0.12180037 +0.10491105 +0.05839530 -0.00231365 -0.05753765 -0.09054583 -0.09325564 -0.06830231 -0.02697483 +0.01576225 +0.04690615  \\
+0.00377661 -0.08668663 -0.05564636 -0.00218776 +0.05782783 +0.10491105 +0.12303945 +0.10575958 +0.05873863 -0.00233915 -0.05766586 -0.09054583 -0.09305317 -0.06800182 -0.02678274 +0.01566252  \\
+0.00377661 -0.09006637 -0.08821099 -0.05652159 -0.00226298 +0.05839530 +0.10575958 +0.12378914 +0.10618651 +0.05885355 -0.00233915 -0.05753765 -0.09015261 -0.09244830 -0.06740460 -0.02646524  \\
-0.02602628 -0.06651808 -0.09144857 -0.08937109 -0.05715464 -0.00231365 +0.05873863 +0.10618651 +0.12404008 +0.10618651 +0.05873863 -0.00231365 -0.05715464 -0.08937109 -0.09144857 -0.06651808  \\
+0.00377661 -0.02646524 -0.06740460 -0.09244830 -0.09015261 -0.05753765 -0.00233915 +0.05885355 +0.10618651 +0.12378914 +0.10575958 +0.05839530 -0.00226298 -0.05652159 -0.08821099 -0.09006637  \\
+0.00377661 +0.01566252 -0.02678274 -0.06800182 -0.09305317 -0.09054583 -0.05766586 -0.00233915 +0.05873863 +0.10575958 +0.12303945 +0.10491105 +0.05782783 -0.00218776 -0.05564636 -0.08668663  \\
+0.00377661 +0.04690615 +0.01576225 -0.02697483 -0.06830231 -0.09325564 -0.09054583 -0.05753765 -0.00231365 +0.05839530 +0.10491105 +0.12180037 +0.10365148 +0.05704328 -0.00208892 -0.05453970  \\
+0.00377661 +0.00377661 +0.04717727 +0.01581242 -0.02703913 -0.06830231 -0.09305317 -0.09015261 -0.05715464 -0.00226298 +0.05782783 +0.10365148 +0.12008725 +0.10199641 +0.05605127 +0.00377661  \\
+0.00377661 +0.00377661 +0.06018823 +0.04726801 +0.01581242 -0.02697483 -0.06800182 -0.09244830 -0.08937109 -0.05652159 -0.00218776 +0.05704328 +0.10199641 +0.11792115 +0.09996610 +0.00377661  \\
+0.00377661 +0.00377661 +0.00377661 +0.06018823 +0.04717727 +0.01576225 -0.02678274 -0.06740460 -0.09144857 -0.08821099 -0.05564636 -0.00208892 +0.05605127 +0.09996610 +0.00377661 +0.00377661  \\
+0.00377661 +0.00377661 +0.00377661 +0.00377661 +0.00377661 +0.04690615 +0.01566252 -0.02646524 -0.06651808 -0.09006637 -0.08668663 -0.05453970 +0.00377661 +0.00377661 +0.00377661 +0.00377661  \\
20 20  \\
  \\
+0.00514902 +0.00514902 +0.00514902 +0.00514902 +0.00514902 +0.00514902 +0.00514902 +0.00514902 +0.00514902 +0.00514902 +0.05036993 +0.00514902 +0.00514902 +0.00514902 +0.00514902 +0.00514902 +0.00514902 +0.00514902 +0.00514902 +0.00514902  \\
+0.00514902 +0.00514902 +0.00514902 +0.00514902 +0.00514902 +0.00514902 +0.04038186 +0.04054288 +0.04065834 +0.04072780 +0.04075098 +0.04072780 +0.04065834 +0.04054288 +0.04038186 +0.00514902 +0.00514902 +0.00514902 +0.00514902 +0.00514902  \\
+0.00514902 +0.00514902 +0.00514902 +0.00514902 +0.01253735 +0.01259048 +0.01263423 +0.01266844 +0.01269297 +0.01270772 +0.01271265 +0.01270772 +0.01269297 +0.01266844 +0.01263423 +0.01259048 +0.01253735 +0.00514902 +0.00514902 +0.00514902  \\
+0.00514902 +0.00514902 +0.00514902 -0.02488597 -0.02514139 -0.02535920 -0.02553858 -0.02567882 -0.02577939 -0.02583989 -0.02586008 -0.02583989 -0.02577939 -0.02567882 -0.02553858 -0.02535920 -0.02514139 -0.02488597 +0.00514902 +0.00514902  \\
+0.00514902 +0.00514902 -0.05749887 -0.05811399 -0.05865197 -0.05911075 -0.05948858 -0.05978398 -0.05999580 -0.06012323 -0.06016576 -0.06012323 -0.05999580 -0.05978398 -0.05948858 -0.05911075 -0.05865197 -0.05811399 -0.05749887 +0.00514902  \\
+0.00514902 +0.00514902 -0.07108065 -0.07182912 -0.07248373 -0.07304198 -0.07350172 -0.07386116 -0.07411890 -0.07427395 -0.07432571 -0.07427395 -0.07411890 -0.07386116 -0.07350172 -0.07304198 -0.07248373 -0.07182912 -0.07108065 +0.00514902  \\
+0.00514902 -0.05562953 -0.05630630 -0.05690970 -0.05743744 -0.05788750 -0.05825813 -0.05854790 -0.05875570 -0.05888070 -0.05892242 -0.05888070 -0.05875570 -0.05854790 -0.05825813 -0.05788750 -0.05743744 -0.05690970 -0.05630630 -0.05562953  \\
+0.00514902 -0.01539946 -0.01562826 -0.01583227 -0.01601069 -0.01616285 -0.01628815 -0.01638612 -0.01645638 -0.01649864 -0.01651274 -0.01649864 -0.01645638 -0.01638612 -0.01628815 -0.01616285 -0.01601069 -0.01583227 -0.01562826 -0.01539946  \\
+0.00514902 +0.03638837 +0.03673622 +0.03704636 +0.03731761 +0.03754894 +0.03773944 +0.03788838 +0.03799518 +0.03805943 +0.03808087 +0.03805943 +0.03799518 +0.03788838 +0.03773944 +0.03754894 +0.03731761 +0.03704636 +0.03673622 +0.03638837  \\
+0.00514902 +0.07944807 +0.08027539 +0.08101303 +0.08165817 +0.08220834 +0.08266142 +0.08301565 +0.08326967 +0.08342248 +0.08347348 +0.08342248 +0.08326967 +0.08301565 +0.08266142 +0.08220834 +0.08165817 +0.08101303 +0.08027539 +0.07944807  \\
+0.09500386 +0.09612284 +0.09713583 +0.09803901 +0.09882893 +0.09950258 +0.10005734 +0.10049108 +0.10080210 +0.10098921 +0.10105166 +0.10098921 +0.10080210 +0.10049108 +0.10005734 +0.09950258 +0.09882893 +0.09803901 +0.09713583 +0.09612284  \\
+0.00514902 +0.07944807 +0.08027539 +0.08101303 +0.08165817 +0.08220834 +0.08266142 +0.08301565 +0.08326967 +0.08342248 +0.08347348 +0.08342248 +0.08326967 +0.08301565 +0.08266142 +0.08220834 +0.08165817 +0.08101303 +0.08027539 +0.07944807  \\
+0.00514902 +0.03638837 +0.03673622 +0.03704636 +0.03731761 +0.03754894 +0.03773944 +0.03788838 +0.03799518 +0.03805943 +0.03808087 +0.03805943 +0.03799518 +0.03788838 +0.03773944 +0.03754894 +0.03731761 +0.03704636 +0.03673622 +0.03638837  \\
+0.00514902 -0.01539946 -0.01562826 -0.01583227 -0.01601069 -0.01616285 -0.01628815 -0.01638612 -0.01645638 -0.01649864 -0.01651274 -0.01649864 -0.01645638 -0.01638612 -0.01628815 -0.01616285 -0.01601069 -0.01583227 -0.01562826 -0.01539946  \\
+0.00514902 -0.05562953 -0.05630630 -0.05690970 -0.05743744 -0.05788750 -0.05825813 -0.05854790 -0.05875570 -0.05888070 -0.05892242 -0.05888070 -0.05875570 -0.05854790 -0.05825813 -0.05788750 -0.05743744 -0.05690970 -0.05630630 -0.05562953  \\
+0.00514902 +0.00514902 -0.07108065 -0.07182912 -0.07248373 -0.07304198 -0.07350172 -0.07386116 -0.07411890 -0.07427395 -0.07432571 -0.07427395 -0.07411890 -0.07386116 -0.07350172 -0.07304198 -0.07248373 -0.07182912 -0.07108065 +0.00514902  \\
+0.00514902 +0.00514902 -0.05749887 -0.05811399 -0.05865197 -0.05911075 -0.05948858 -0.05978398 -0.05999580 -0.06012323 -0.06016576 -0.06012323 -0.05999580 -0.05978398 -0.05948858 -0.05911075 -0.05865197 -0.05811399 -0.05749887 +0.00514902  \\
+0.00514902 +0.00514902 +0.00514902 -0.02488597 -0.02514139 -0.02535920 -0.02553858 -0.02567882 -0.02577939 -0.02583989 -0.02586008 -0.02583989 -0.02577939 -0.02567882 -0.02553858 -0.02535920 -0.02514139 -0.02488597 +0.00514902 +0.00514902  \\
+0.00514902 +0.00514902 +0.00514902 +0.00514902 +0.01253735 +0.01259048 +0.01263423 +0.01266844 +0.01269297 +0.01270772 +0.01271265 +0.01270772 +0.01269297 +0.01266844 +0.01263423 +0.01259048 +0.01253735 +0.00514902 +0.00514902 +0.00514902  \\
+0.00514902 +0.00514902 +0.00514902 +0.00514902 +0.00514902 +0.00514902 +0.04038186 +0.04054288 +0.04065834 +0.04072780 +0.04075098 +0.04072780 +0.04065834 +0.04054288 +0.04038186 +0.00514902 +0.00514902 +0.00514902 +0.00514902 +0.00514902  \\
20 20  \\
  \\
+0.00281307 +0.00281307 +0.00281307 +0.00281307 +0.00281307 +0.00281307 +0.00281307 +0.00281307 +0.00281307 +0.00281307 -0.02420704 +0.00281307 +0.00281307 +0.00281307 +0.00281307 +0.00281307 +0.00281307 +0.00281307 +0.00281307 +0.00281307  \\
+0.00281307 +0.00281307 +0.00281307 +0.00281307 +0.00281307 +0.00281307 +0.04106685 +0.02548102 +0.00230153 -0.02452571 -0.04960282 -0.06722597 -0.07275482 -0.06385689 -0.04127736 +0.00281307 +0.00281307 +0.00281307 +0.00281307 +0.00281307  \\
+0.00281307 +0.00281307 +0.00281307 +0.00281307 +0.04740773 +0.04126671 +0.02562916 +0.00229751 -0.02477617 -0.05015196 -0.06805199 -0.07374573 -0.06481917 -0.04197205 -0.00908726 +0.02749875 +0.06037820 +0.00281307 +0.00281307 +0.00281307  \\
+0.00281307 +0.00281307 +0.00281307 +0.04746586 +0.04136703 +0.02571850 +0.00229482 -0.02495646 -0.05056758 -0.06870119 -0.07454780 -0.06561681 -0.04255931 -0.00925902 +0.02788770 +0.06136142 +0.08424427 +0.09184070 +0.00281307 +0.00281307  \\
+0.00281307 +0.00281307 +0.04740773 +0.04136703 +0.02574836 +0.00229347 -0.02506521 -0.05084648 -0.06916854 -0.07515486 -0.06624370 -0.04303465 -0.00940140 +0.02821650 +0.06220647 +0.08552729 +0.09336130 +0.08424427 +0.06037820 +0.00281307  \\
+0.00281307 +0.00281307 +0.04126671 +0.02571850 +0.00229347 -0.02510155 -0.05098647 -0.06945042 -0.07556222 -0.06669499 -0.04339443 -0.00951330 +0.02848264 +0.06290695 +0.08661191 +0.09466823 +0.08552729 +0.06136142 +0.02749875 +0.00281307  \\
+0.00281307 +0.04106685 +0.02562916 +0.00229482 -0.02506521 -0.05098647 -0.06954462 -0.07576669 -0.06696718 -0.04363585 -0.00959385 +0.02868407 +0.06345747 +0.08748983 +0.09575155 +0.08661191 +0.06220647 +0.02788770 -0.00908726 -0.04127736  \\
+0.00281307 +0.02548102 +0.00229751 -0.02495646 -0.05084648 -0.06945042 -0.07576669 -0.06705814 -0.04375703 -0.00964243 +0.02881924 +0.06385379 +0.08815431 +0.09660296 +0.08748983 +0.06290695 +0.02821650 -0.00925902 -0.04197205 -0.06385689  \\
+0.00281307 +0.00230153 -0.02477617 -0.05056758 -0.06916854 -0.07556222 -0.06696718 -0.04375703 -0.00965867 +0.02888709 +0.06409282 +0.08860018 +0.09721589 +0.08815431 +0.06345747 +0.02848264 -0.00940140 -0.04255931 -0.06481917 -0.07275482  \\
+0.00281307 -0.02452571 -0.05015196 -0.06870119 -0.07515486 -0.06669499 -0.04363585 -0.00964243 +0.02888709 +0.06417270 +0.08882399 +0.09758556 +0.08860018 +0.06385379 +0.02868407 -0.00951330 -0.04303465 -0.06561681 -0.07374573 -0.06722597  \\
-0.02420704 -0.04960282 -0.06805199 -0.07454780 -0.06624370 -0.04339443 -0.00959385 +0.02881924 +0.06409282 +0.08882399 +0.09770911 +0.08882399 +0.06409282 +0.02881924 -0.00959385 -0.04339443 -0.06624370 -0.07454780 -0.06805199 -0.04960282  \\
+0.00281307 -0.06722597 -0.07374573 -0.06561681 -0.04303465 -0.00951330 +0.02868407 +0.06385379 +0.08860018 +0.09758556 +0.08882399 +0.06417270 +0.02888709 -0.00964243 -0.04363585 -0.06669499 -0.07515486 -0.06870119 -0.05015196 -0.02452571  \\
+0.00281307 -0.07275482 -0.06481917 -0.04255931 -0.00940140 +0.02848264 +0.06345747 +0.08815431 +0.09721589 +0.08860018 +0.06409282 +0.02888709 -0.00965867 -0.04375703 -0.06696718 -0.07556222 -0.06916854 -0.05056758 -0.02477617 +0.00230153  \\
+0.00281307 -0.06385689 -0.04197205 -0.00925902 +0.02821650 +0.06290695 +0.08748983 +0.09660296 +0.08815431 +0.06385379 +0.02881924 -0.00964243 -0.04375703 -0.06705814 -0.07576669 -0.06945042 -0.05084648 -0.02495646 +0.00229751 +0.02548102  \\
+0.00281307 -0.04127736 -0.00908726 +0.02788770 +0.06220647 +0.08661191 +0.09575155 +0.08748983 +0.06345747 +0.02868407 -0.00959385 -0.04363585 -0.06696718 -0.07576669 -0.06954462 -0.05098647 -0.02506521 +0.00229482 +0.02562916 +0.04106685  \\
+0.00281307 +0.00281307 +0.02749875 +0.06136142 +0.08552729 +0.09466823 +0.08661191 +0.06290695 +0.02848264 -0.00951330 -0.04339443 -0.06669499 -0.07556222 -0.06945042 -0.05098647 -0.02510155 +0.00229347 +0.02571850 +0.04126671 +0.00281307  \\
+0.00281307 +0.00281307 +0.06037820 +0.08424427 +0.09336130 +0.08552729 +0.06220647 +0.02821650 -0.00940140 -0.04303465 -0.06624370 -0.07515486 -0.06916854 -0.05084648 -0.02506521 +0.00229347 +0.02574836 +0.04136703 +0.04740773 +0.00281307  \\
+0.00281307 +0.00281307 +0.00281307 +0.09184070 +0.08424427 +0.06136142 +0.02788770 -0.00925902 -0.04255931 -0.06561681 -0.07454780 -0.06870119 -0.05056758 -0.02495646 +0.00229482 +0.02571850 +0.04136703 +0.04746586 +0.00281307 +0.00281307  \\
+0.00281307 +0.00281307 +0.00281307 +0.00281307 +0.06037820 +0.02749875 -0.00908726 -0.04197205 -0.06481917 -0.07374573 -0.06805199 -0.05015196 -0.02477617 +0.00229751 +0.02562916 +0.04126671 +0.04740773 +0.00281307 +0.00281307 +0.00281307  \\
+0.00281307 +0.00281307 +0.00281307 +0.00281307 +0.00281307 +0.00281307 -0.04127736 -0.06385689 -0.07275482 -0.06722597 -0.04960282 -0.02452571 +0.00230153 +0.02548102 +0.04106685 +0.00281307 +0.00281307 +0.00281307 +0.00281307 +0.00281307  \\
20 20  \\
  \\
+0.00514902 +0.00514902 +0.00514902 +0.00514902 +0.00514902 +0.00514902 +0.00514902 +0.00514902 +0.00514902 +0.00514902 +0.09500386 +0.00514902 +0.00514902 +0.00514902 +0.00514902 +0.00514902 +0.00514902 +0.00514902 +0.00514902 +0.00514902  \\
+0.00514902 +0.00514902 +0.00514902 +0.00514902 +0.00514902 +0.00514902 -0.05562953 -0.01539946 +0.03638837 +0.07944807 +0.09612284 +0.07944807 +0.03638837 -0.01539946 -0.05562953 +0.00514902 +0.00514902 +0.00514902 +0.00514902 +0.00514902  \\
+0.00514902 +0.00514902 +0.00514902 +0.00514902 -0.05749887 -0.07108065 -0.05630630 -0.01562826 +0.03673622 +0.08027539 +0.09713583 +0.08027539 +0.03673622 -0.01562826 -0.05630630 -0.07108065 -0.05749887 +0.00514902 +0.00514902 +0.00514902  \\
+0.00514902 +0.00514902 +0.00514902 -0.02488597 -0.05811399 -0.07182912 -0.05690970 -0.01583227 +0.03704636 +0.08101303 +0.09803901 +0.08101303 +0.03704636 -0.01583227 -0.05690970 -0.07182912 -0.05811399 -0.02488597 +0.00514902 +0.00514902  \\
+0.00514902 +0.00514902 +0.01253735 -0.02514139 -0.05865197 -0.07248373 -0.05743744 -0.01601069 +0.03731761 +0.08165817 +0.09882893 +0.08165817 +0.03731761 -0.01601069 -0.05743744 -0.07248373 -0.05865197 -0.02514139 +0.01253735 +0.00514902  \\
+0.00514902 +0.00514902 +0.01259048 -0.02535920 -0.05911075 -0.07304198 -0.05788750 -0.01616285 +0.03754894 +0.08220834 +0.09950258 +0.08220834 +0.03754894 -0.01616285 -0.05788750 -0.07304198 -0.05911075 -0.02535920 +0.01259048 +0.00514902  \\
+0.00514902 +0.04038186 +0.01263423 -0.02553858 -0.05948858 -0.07350172 -0.05825813 -0.01628815 +0.03773944 +0.08266142 +0.10005734 +0.08266142 +0.03773944 -0.01628815 -0.05825813 -0.07350172 -0.05948858 -0.02553858 +0.01263423 +0.04038186  \\
+0.00514902 +0.04054288 +0.01266844 -0.02567882 -0.05978398 -0.07386116 -0.05854790 -0.01638612 +0.03788838 +0.08301565 +0.10049108 +0.08301565 +0.03788838 -0.01638612 -0.05854790 -0.07386116 -0.05978398 -0.02567882 +0.01266844 +0.04054288  \\
+0.00514902 +0.04065834 +0.01269297 -0.02577939 -0.05999580 -0.07411890 -0.05875570 -0.01645638 +0.03799518 +0.08326967 +0.10080210 +0.08326967 +0.03799518 -0.01645638 -0.05875570 -0.07411890 -0.05999580 -0.02577939 +0.01269297 +0.04065834  \\
+0.00514902 +0.04072780 +0.01270772 -0.02583989 -0.06012323 -0.07427395 -0.05888070 -0.01649864 +0.03805943 +0.08342248 +0.10098921 +0.08342248 +0.03805943 -0.01649864 -0.05888070 -0.07427395 -0.06012323 -0.02583989 +0.01270772 +0.04072780  \\
+0.05036993 +0.04075098 +0.01271265 -0.02586008 -0.06016576 -0.07432571 -0.05892242 -0.01651274 +0.03808087 +0.08347348 +0.10105166 +0.08347348 +0.03808087 -0.01651274 -0.05892242 -0.07432571 -0.06016576 -0.02586008 +0.01271265 +0.04075098  \\
+0.00514902 +0.04072780 +0.01270772 -0.02583989 -0.06012323 -0.07427395 -0.05888070 -0.01649864 +0.03805943 +0.08342248 +0.10098921 +0.08342248 +0.03805943 -0.01649864 -0.05888070 -0.07427395 -0.06012323 -0.02583989 +0.01270772 +0.04072780  \\
+0.00514902 +0.04065834 +0.01269297 -0.02577939 -0.05999580 -0.07411890 -0.05875570 -0.01645638 +0.03799518 +0.08326967 +0.10080210 +0.08326967 +0.03799518 -0.01645638 -0.05875570 -0.07411890 -0.05999580 -0.02577939 +0.01269297 +0.04065834  \\
+0.00514902 +0.04054288 +0.01266844 -0.02567882 -0.05978398 -0.07386116 -0.05854790 -0.01638612 +0.03788838 +0.08301565 +0.10049108 +0.08301565 +0.03788838 -0.01638612 -0.05854790 -0.07386116 -0.05978398 -0.02567882 +0.01266844 +0.04054288  \\
+0.00514902 +0.04038186 +0.01263423 -0.02553858 -0.05948858 -0.07350172 -0.05825813 -0.01628815 +0.03773944 +0.08266142 +0.10005734 +0.08266142 +0.03773944 -0.01628815 -0.05825813 -0.07350172 -0.05948858 -0.02553858 +0.01263423 +0.04038186  \\
+0.00514902 +0.00514902 +0.01259048 -0.02535920 -0.05911075 -0.07304198 -0.05788750 -0.01616285 +0.03754894 +0.08220834 +0.09950258 +0.08220834 +0.03754894 -0.01616285 -0.05788750 -0.07304198 -0.05911075 -0.02535920 +0.01259048 +0.00514902  \\
+0.00514902 +0.00514902 +0.01253735 -0.02514139 -0.05865197 -0.07248373 -0.05743744 -0.01601069 +0.03731761 +0.08165817 +0.09882893 +0.08165817 +0.03731761 -0.01601069 -0.05743744 -0.07248373 -0.05865197 -0.02514139 +0.01253735 +0.00514902  \\
+0.00514902 +0.00514902 +0.00514902 -0.02488597 -0.05811399 -0.07182912 -0.05690970 -0.01583227 +0.03704636 +0.08101303 +0.09803901 +0.08101303 +0.03704636 -0.01583227 -0.05690970 -0.07182912 -0.05811399 -0.02488597 +0.00514902 +0.00514902  \\
+0.00514902 +0.00514902 +0.00514902 +0.00514902 -0.05749887 -0.07108065 -0.05630630 -0.01562826 +0.03673622 +0.08027539 +0.09713583 +0.08027539 +0.03673622 -0.01562826 -0.05630630 -0.07108065 -0.05749887 +0.00514902 +0.00514902 +0.00514902  \\
+0.00514902 +0.00514902 +0.00514902 +0.00514902 +0.00514902 +0.00514902 -0.05562953 -0.01539946 +0.03638837 +0.07944807 +0.09612284 +0.07944807 +0.03638837 -0.01539946 -0.05562953 +0.00514902 +0.00514902 +0.00514902 +0.00514902 +0.00514902  \\
20 20  \\
  \\
+0.00281307 +0.00281307 +0.00281307 +0.00281307 +0.00281307 +0.00281307 +0.00281307 +0.00281307 +0.00281307 +0.00281307 -0.02420704 +0.00281307 +0.00281307 +0.00281307 +0.00281307 +0.00281307 +0.00281307 +0.00281307 +0.00281307 +0.00281307  \\
+0.00281307 +0.00281307 +0.00281307 +0.00281307 +0.00281307 +0.00281307 -0.04127736 -0.06385689 -0.07275482 -0.06722597 -0.04960282 -0.02452571 +0.00230153 +0.02548102 +0.04106685 +0.00281307 +0.00281307 +0.00281307 +0.00281307 +0.00281307  \\
+0.00281307 +0.00281307 +0.00281307 +0.00281307 +0.06037820 +0.02749875 -0.00908726 -0.04197205 -0.06481917 -0.07374573 -0.06805199 -0.05015196 -0.02477617 +0.00229751 +0.02562916 +0.04126671 +0.04740773 +0.00281307 +0.00281307 +0.00281307  \\
+0.00281307 +0.00281307 +0.00281307 +0.09184070 +0.08424427 +0.06136142 +0.02788770 -0.00925902 -0.04255931 -0.06561681 -0.07454780 -0.06870119 -0.05056758 -0.02495646 +0.00229482 +0.02571850 +0.04136703 +0.04746586 +0.00281307 +0.00281307  \\
+0.00281307 +0.00281307 +0.06037820 +0.08424427 +0.09336130 +0.08552729 +0.06220647 +0.02821650 -0.00940140 -0.04303465 -0.06624370 -0.07515486 -0.06916854 -0.05084648 -0.02506521 +0.00229347 +0.02574836 +0.04136703 +0.04740773 +0.00281307  \\
+0.00281307 +0.00281307 +0.02749875 +0.06136142 +0.08552729 +0.09466823 +0.08661191 +0.06290695 +0.02848264 -0.00951330 -0.04339443 -0.06669499 -0.07556222 -0.06945042 -0.05098647 -0.02510155 +0.00229347 +0.02571850 +0.04126671 +0.00281307  \\
+0.00281307 -0.04127736 -0.00908726 +0.02788770 +0.06220647 +0.08661191 +0.09575155 +0.08748983 +0.06345747 +0.02868407 -0.00959385 -0.04363585 -0.06696718 -0.07576669 -0.06954462 -0.05098647 -0.02506521 +0.00229482 +0.02562916 +0.04106685  \\
