8
 
1 11 11
0.0063 0.0063 0.0063 -0.0147 0.1071 0.1626 0.1071 -0.0147 0.0063 0.0063 0.0063 
0.0063 0.0063 -0.1105 -0.0150 0.1083 0.1644 0.1083 -0.0150 -0.1105 0.0063 0.0063 
0.0063 -0.1151 -0.1116 -0.0152 0.1093 0.1659 0.1093 -0.0152 -0.1116 -0.1151 0.0063 
-0.0402 -0.1159 -0.1123 -0.0153 0.1100 0.1669 0.1100 -0.0153 -0.1123 -0.1159 -0.0402 
-0.0403 -0.1164 -0.1128 -0.0154 0.1104 0.1676 0.1104 -0.0154 -0.1128 -0.1164 -0.0403 
-0.0404 -0.1166 -0.1130 -0.0154 0.1105 0.1678 0.1105 -0.0154 -0.1130 -0.1166 -0.0404 
-0.0403 -0.1164 -0.1128 -0.0154 0.1104 0.1676 0.1104 -0.0154 -0.1128 -0.1164 -0.0403 
-0.0402 -0.1159 -0.1123 -0.0153 0.1100 0.1669 0.1100 -0.0153 -0.1123 -0.1159 -0.0402 
0.0063 -0.1151 -0.1116 -0.0152 0.1093 0.1659 0.1093 -0.0152 -0.1116 -0.1151 0.0063 
0.0063 0.0063 -0.1105 -0.0150 0.1083 0.1644 0.1083 -0.0150 -0.1105 0.0063 0.0063 
0.0063 0.0063 0.0063 -0.0147 0.1071 0.1626 0.1071 -0.0147 0.0063 0.0063 0.0063 
1 11 11
0.0075 0.0075 0.0075 0.1588 0.1069 -0.0024 -0.0962 -0.1178 0.0075 0.0075 0.0075 
0.0075 0.0075 0.0801 0.1551 0.1405 0.0458 -0.0646 -0.1204 -0.0945 0.0075 0.0075 
0.0075 -0.0728 0.0341 0.1345 0.1599 0.0922 -0.0223 -0.1078 -0.1150 -0.0521 0.0075 
-0.1154 -0.1030 -0.0141 0.0995 0.1624 0.1307 0.0261 -0.0807 -0.1228 -0.0841 -0.0027 
-0.0985 -0.1196 -0.0585 0.0547 0.1474 0.1561 0.0745 -0.0413 -0.1158 -0.1084 -0.0377 
-0.0712 -0.1211 -0.0937 0.0057 0.1168 0.1649 0.1168 0.0057 -0.0937 -0.1211 -0.0712 
-0.0377 -0.1084 -0.1158 -0.0413 0.0745 0.1561 0.1474 0.0547 -0.0585 -0.1196 -0.0985 
-0.0027 -0.0841 -0.1228 -0.0807 0.0261 0.1307 0.1624 0.0995 -0.0141 -0.1030 -0.1154 
0.0075 -0.0521 -0.1150 -0.1078 -0.0223 0.0922 0.1599 0.1345 0.0341 -0.0728 0.0075 
0.0075 0.0075 -0.0945 -0.1204 -0.0646 0.0458 0.1405 0.1551 0.0801 0.0075 0.0075 
0.0075 0.0075 0.0075 -0.1178 -0.0962 -0.0024 0.1069 0.1588 0.0075 0.0075 0.0075 
1 11 11
0.0100 0.0100 0.0100 -0.0256 -0.0951 -0.1209 -0.0977 -0.0408 0.0100 0.0100 0.0100 
0.0100 0.0100 0.1368 0.0635 -0.0262 -0.0965 -0.1223 -0.0986 -0.0411 0.0100 0.0100 
0.0100 0.1368 0.1668 0.1388 0.0642 -0.0265 -0.0974 -0.1230 -0.0989 -0.0411 0.0100 
-0.0256 0.0635 0.1388 0.1688 0.1402 0.0646 -0.0267 -0.0976 -0.1230 -0.0986 -0.0408 
-0.0951 -0.0262 0.0642 0.1402 0.1701 0.1409 0.0648 -0.0267 -0.0974 -0.1223 -0.0977 
-0.1209 -0.0965 -0.0265 0.0646 0.1409 0.1705 0.1409 0.0646 -0.0265 -0.0965 -0.1209 
-0.0977 -0.1223 -0.0974 -0.0267 0.0648 0.1409 0.1701 0.1402 0.0642 -0.0262 -0.0951 
-0.0408 -0.0986 -0.1230 -0.0976 -0.0267 0.0646 0.1402 0.1688 0.1388 0.0635 -0.0256 
0.0100 -0.0411 -0.0989 -0.1230 -0.0974 -0.0265 0.0642 0.1388 0.1668 0.1368 0.0100 
0.0100 0.0100 -0.0411 -0.0986 -0.1223 -0.0965 -0.0262 0.0635 0.1368 0.0100 0.0100 
0.0100 0.0100 0.0100 -0.0408 -0.0977 -0.1209 -0.0951 -0.0256 0.0100 0.0100 0.0100 
1 11 11
0.0075 0.0075 0.0075 -0.1154 -0.0985 -0.0712 -0.0377 -0.0027 0.0075 0.0075 0.0075 
0.0075 0.0075 -0.0728 -0.1030 -0.1196 -0.1211 -0.1084 -0.0841 -0.0521 0.0075 0.0075 
0.0075 0.0801 0.0341 -0.0141 -0.0585 -0.0937 -0.1158 -0.1228 -0.1150 -0.0945 0.0075 
0.1588 0.1551 0.1345 0.0995 0.0547 0.0057 -0.0413 -0.0807 -0.1078 -0.1204 -0.1178 
0.1069 0.1405 0.1599 0.1624 0.1474 0.1168 0.0745 0.0261 -0.0223 -0.0646 -0.0962 
-0.0024 0.0458 0.0922 0.1307 0.1561 0.1649 0.1561 0.1307 0.0922 0.0458 -0.0024 
-0.0962 -0.0646 -0.0223 0.0261 0.0745 0.1168 0.1474 0.1624 0.1599 0.1405 0.1069 
-0.1178 -0.1204 -0.1078 -0.0807 -0.0413 0.0057 0.0547 0.0995 0.1345 0.1551 0.1588 
0.0075 -0.0945 -0.1150 -0.1228 -0.1158 -0.0937 -0.0585 -0.0141 0.0341 0.0801 0.0075 
0.0075 0.0075 -0.0521 -0.0841 -0.1084 -0.1211 -0.1196 -0.1030 -0.0728 0.0075 0.0075 
0.0075 0.0075 0.0075 -0.0027 -0.0377 -0.0712 -0.0985 -0.1154 0.0075 0.0075 0.0075 
1 11 11
0.0063 0.0063 0.0063 -0.0402 -0.0403 -0.0404 -0.0403 -0.0402 0.0063 0.0063 0.0063 
0.0063 0.0063 -0.1151 -0.1159 -0.1164 -0.1166 -0.1164 -0.1159 -0.1151 0.0063 0.0063 
0.0063 -0.1105 -0.1116 -0.1123 -0.1128 -0.1130 -0.1128 -0.1123 -0.1116 -0.1105 0.0063 
-0.0147 -0.0150 -0.0152 -0.0153 -0.0154 -0.0154 -0.0154 -0.0153 -0.0152 -0.0150 -0.0147 
0.1071 0.1083 0.1093 0.1100 0.1104 0.1105 0.1104 0.1100 0.1093 0.1083 0.1071 
0.1626 0.1644 0.1659 0.1669 0.1676 0.1678 0.1676 0.1669 0.1659 0.1644 0.1626 
0.1071 0.1083 0.1093 0.1100 0.1104 0.1105 0.1104 0.1100 0.1093 0.1083 0.1071 
-0.0147 -0.0150 -0.0152 -0.0153 -0.0154 -0.0154 -0.0154 -0.0153 -0.0152 -0.0150 -0.0147 
0.0063 -0.1105 -0.1116 -0.1123 -0.1128 -0.1130 -0.1128 -0.1123 -0.1116 -0.1105 0.0063 
0.0063 0.0063 -0.1151 -0.1159 -0.1164 -0.1166 -0.1164 -0.1159 -0.1151 0.0063 0.0063 
0.0063 0.0063 0.0063 -0.0402 -0.0403 -0.0404 -0.0403 -0.0402 0.0063 0.0063 0.0063 
1 11 11
0.0075 0.0075 0.0075 -0.0027 -0.0377 -0.0712 -0.0985 -0.1154 0.0075 0.0075 0.0075 
0.0075 0.0075 -0.0521 -0.0841 -0.1084 -0.1211 -0.1196 -0.1030 -0.0728 0.0075 0.0075 
0.0075 -0.0945 -0.1150 -0.1228 -0.1158 -0.0937 -0.0585 -0.0141 0.0341 0.0801 0.0075 
-0.1178 -0.1204 -0.1078 -0.0807 -0.0413 0.0057 0.0547 0.0995 0.1345 0.1551 0.1588 
-0.0962 -0.0646 -0.0223 0.0261 0.0745 0.1168 0.1474 0.1624 0.1599 0.1405 0.1069 
-0.0024 0.0458 0.0922 0.1307 0.1561 0.1649 0.1561 0.1307 0.0922 0.0458 -0.0024 
0.1069 0.1405 0.1599 0.1624 0.1474 0.1168 0.0745 0.0261 -0.0223 -0.0646 -0.0962 
0.1588 0.1551 0.1345 0.0995 0.0547 0.0057 -0.0413 -0.0807 -0.1078 -0.1204 -0.1178 
0.0075 0.0801 0.0341 -0.0141 -0.0585 -0.0937 -0.1158 -0.1228 -0.1150 -0.0945 0.0075 
0.0075 0.0075 -0.0728 -0.1030 -0.1196 -0.1211 -0.1084 -0.0841 -0.0521 0.0075 0.0075 
0.0075 0.0075 0.0075 -0.1154 -0.0985 -0.0712 -0.0377 -0.0027 0.0075 0.0075 0.0075 
1 11 11
0.0100 0.0100 0.0100 -0.0408 -0.0977 -0.1209 -0.0951 -0.0256 0.0100 0.0100 0.0100 
0.0100 0.0100 -0.0411 -0.0986 -0.1223 -0.0965 -0.0262 0.0635 0.1368 0.0100 0.0100 
0.0100 -0.0411 -0.0989 -0.1230 -0.0974 -0.0265 0.0642 0.1388 0.1668 0.1368 0.0100 
-0.0408 -0.0986 -0.1230 -0.0976 -0.0267 0.0646 0.1402 0.1688 0.1388 0.0635 -0.0256 
-0.0977 -0.1223 -0.0974 -0.0267 0.0648 0.1409 0.1701 0.1402 0.0642 -0.0262 -0.0951 
-0.1209 -0.0965 -0.0265 0.0646 0.1409 0.1705 0.1409 0.0646 -0.0265 -0.0965 -0.1209 
-0.0951 -0.0262 0.0642 0.1402 0.1701 0.1409 0.0648 -0.0267 -0.0974 -0.1223 -0.0977 
-0.0256 0.0635 0.1388 0.1688 0.1402 0.0646 -0.0267 -0.0976 -0.1230 -0.0986 -0.0408 
0.0100 0.1368 0.1668 0.1388 0.0642 -0.0265 -0.0974 -0.1230 -0.0989 -0.0411 0.0100 
0.0100 0.0100 0.1368 0.0635 -0.0262 -0.0965 -0.1223 -0.0986 -0.0411 0.0100 0.0100 
0.0100 0.0100 0.0100 -0.0256 -0.0951 -0.1209 -0.0977 -0.0408 0.0100 0.0100 0.0100 
1 11 11
0.0075 0.0075 0.0075 -0.1178 -0.0962 -0.0024 0.1069 0.1588 0.0075 0.0075 0.0075 
0.0075 0.0075 -0.0945 -0.1204 -0.0646 0.0458 0.1405 0.1551 0.0801 0.0075 0.0075 
0.0075 -0.0521 -0.1150 -0.1078 -0.0223 0.0922 0.1599 0.1345 0.0341 -0.0728 0.0075 
-0.0027 -0.0841 -0.1228 -0.0807 0.0261 0.1307 0.1624 0.0995 -0.0141 -0.1030 -0.1154 
-0.0377 -0.1084 -0.1158 -0.0413 0.0745 0.1561 0.1474 0.0547 -0.0585 -0.1196 -0.0985 
-0.0712 -0.1211 -0.0937 0.0057 0.1168 0.1649 0.1168 0.0057 -0.0937 -0.1211 -0.0712 
-0.0985 -0.1196 -0.0585 0.0547 0.1474 0.1561 0.0745 -0.0413 -0.1158 -0.1084 -0.0377 
-0.1154 -0.1030 -0.0141 0.0995 0.1624 0.1307 0.0261 -0.0807 -0.1228 -0.0841 -0.0027 
0.0075 -0.0728 0.0341 0.1345 0.1599 0.0922 -0.0223 -0.1078 -0.1150 -0.0521 0.0075 
0.0075 0.0075 0.0801 0.1551 0.1405 0.0458 -0.0646 -0.1204 -0.0945 0.0075 0.0075 
0.0075 0.0075 0.0075 0.1588 0.1069 -0.0024 -0.0962 -0.1178 0.0075 0.0075 0.0075 
